010 011 10001 1101 10000 10011 11001 00110 001011 001001 011 001000 10111 001010 011 000101 000110 000111 000100 000011 000010 11000 10100 10010 10110 1110 1110 11110 11111 000000 011 011 10101 1101 010 00111 010 010 010 000001 
0100 001 100001 0000011 1110 101100 101000 1110 110111 110000 1110 110010 111100 011101 101101 001 110100 0101000 110011 001 011100 110110 100000 10001 001 001 0100 00001 0001 11111 00001 011000 0100 0100 
0011010 100 111 110 111 110 1010 0011111 001100 1010 0110100 0101000 0110011 0000101 100 0110010 0011011 0101100 100 111 0001 0111100 0100010 10111 011100 100 100 111 110 0001 10110 110 0110001 110 0101110 
101011 001 1011001 0111011 1110 1011110 1011010 1101011 01111 001 1000111 1101110 1101100 001 1000000 0101101 1001101 0110001 01111 001 001 0000 0001 0100 01101 0001 101110 0100 0000 
0000000 010 101111 1101100 0111001 1000 00001001 0011101 00001011 1000 0010 0001 0010 0001 010 1001000 00001110 1110111 1110001 1000 10110 00111001 010 1101010 01110001 011101 00110100 010 010 0010 0001 0110 01111 0110 0001 0010 10110 
0101011 100 01011100 0111 01001101 0001101 01011101 0111 00110001 00001101 0110001 01101011 0101111 101111 0001000 01011001 0111 01100111 01101001 00011101 0010101 100 0100111 0000011 00010010 0111 0110110 0111 1010 0101001 100 0000100 01000000 001001 000000 100 100 110 111 1010 10110 111 110 110 110 
1000011 001 110110 1010111 1001100 0100 0110111 011010 1010001 0100 111 0001 0101 11001 001 110101 1100001 1000001 0000000 0100 000010 0000001 001 0111000 0111111 011110 1001001 001 001 111 0001 0101 0111010 0101 0001 111 0000110 
0001000 010 1110001 11000001 10010111 0010 1011100 111110 1101011 0010 10000111 010 01111001 111101 0010 01110100 000100100 0010 111010 0010 0000 110100 010 10001000 11100111 10110010 010 010 0000 0011 0110 10011 0011 111111 0001100 0110 
01111 010 1010111 100101 0011 10101100 1100110 010 111000 100100 00000101 0110110 10011001 11100100 0110000 000000000 0110011 010 10111110 11001010 10111000 000010 011100 000010 010 010 0001 0010 1000 01111 0010 110110 0001 110000 
0111 0010 010 11001011 000010100 000101001 010 11011110 1110101 000011010 0110 101001 0110 0111 100001 010 1110111 1111010 1110110 0001100 000100 010 010 0011 0010 0111 101010 0010 10001 0111 0010 
1000 1000 011 1111011 000001010 11101101 11110100 0010 010101101 010100100 0010 000010010 010101000 010101111 11110101 0010 1101111 1111110 011 11100111 0010 1001110 010101100 11000 011 000000010 000011001 011 011 0100 0011 1000 10010 0011 110101 0100 1010011 
1000 0101 011 101000000 101100 00000011 010010110 111 00011100 110110 101111 111 00001111 010011111 011 000101100 1010001 111 000110011 000111111 00101111 111 101001 111 1000 100101 011 000110110 101100 010010111 011 011 0101 0011 1000 10011 0011 101101 1000 0101 
0000 1001001 010 011011000 100011011 1100110 100110000 010 01100111 100010111 101000010 010 10001001 01110101 101111101 1000001 01110101 100001101 010 010 0001 0010 0000 101001 0000 0001 0000 0010 
0001 111000 010 111110 100010100 10001101 01111111 0000 11111110 100001010 0000 100011001 0000 100011101 011110100 1101000 010 101111 011010000 011001100 0000 110000 0000 111011 100100 010 1101011 10110011 100010101 011010011 011010111 011010010 010 010 0010 0011 0001 100101 0001 0010 0001 1010110 
0001 0010101 010 110011001 10001011 101010 0000 100110010 1110110 0000 11001111 10100000 10011100 0000 10010001 1100100 010 110000010 1111010 0000 100111100 101001000 100011111 010 11001101 101110010 001001 0111101 010 010 0011 0110 0001 11010 0110 0011 0001 110110 
0001 111111 010 00101000 11000001 10010100 0000 01111011 100011111 1100111 110100011 0000 1000010 0110 0011 0001 10101 0000 01110111 11100100 10001000 1011100 010 111010110 101110100 11001000 010 110100100 110001000 010 010 0110 0011 0001 10101 0011 0001 111110 0011 
0001 0110100 010 110011001 101101110 1000110 0010 11001010 100010011 11010001 10010010 0010 100010010 1101001 010 100001 110101011 101101001 010 01100010 10011010 11110100 000011 0110010 000011 010 010 0111 0011 0001 100000 0001 0011 0000001 0011 
0001 011011 010 110110000 111101101 010 110000000 0010 11100001 10100010 010 1000000 01100101 0000011 000011 010 010 0111 0011 0001 10001 0011 110100 0001 0111 
0001 10001 010 00000101 0010000 0011 00101010 10101011 111111010 010 110100001 1011100 111001110 000011 101000000 010 00100110 111101100 100111100 00101010 00100111 010 010 0111 0110 0001 10001 0001 0110 0110 100101 
0101 0011 011 110000111 11010000 00001110 0100 0001 0011 001000010 110000101 0100 00101110 1001100 000010100 00101111 0100 1010010 10000101 00000011 1000111 0101 0011 0001 10010 110000110 0101 0011 0101 10010 1000101 011 00101000 10001101 110100110 1000111 10110010 110110110 1000101 011 1000100 11100101 11001 1000100 0010010 11001 011 011 0101 0011 0001 10010 0011 0101 0001 0011 
1000 111 011 0010110000 000111110 0000000110 0000100111 0011 000001111 11010000 0010010000 0011 000110001 0000010110 0001101101 0011 001010101 0010101100 0011 110111100 110011101 0101101 110111101 011 1010110 000111000 0000010100 0011 0000001 0011 111 110000 011 00100101 0001001000 0001001111 00100101 101110 011 011 1000 0100 111 100111 111 111 111 1001101 
1000 1000 011 0100101 10011010 0010 0001110001 00011000 0010 0000111010 10011000 0010 0011110101 000100111 0010 0100011111 101110111 10010011 011 10010011 0001110101 10011000 011 10110011 000011000 000010011 1100001 10100000 1011110 011 011 1000 0101 111 100101 111 1000 0101 111 
0111 0001100 100 0000 0101 00011100 111 1100111 0010010101 111 001101100 0011110000 0100110001 1101100 111 10111101 001101110 001010011 111 0001100 10110 10101101 111 0110101 111 010011011 01001010 0011100000 111 1100101 0010111010 0010100001 111 0000 00011100 111 010001110 1101100 111 1011101 1100111 1101011 111 010011101 01001001 11000011 111 0100000000 001011011 0010111110 100 0110101 01001001 10101011 1010001 0110000101 0011001101 1010000 100 00100001 10111110 11000010 000101 110100 000101 100 100 0111 0101 0000 101001 0101 10110 0000 0110110 
0111 0000000 100 0101000100 0010101010 0010001 111 0101000011 100 0101111110 111 0100000101 0110000001 0000100 11011 111 0000110 111 0001 0000010 100 0100000100 0100101000 11011 110100 100 100 0111 0011 0001 10110 0011 1010100 0111 0100011 
0111 0010000 100 1011010 1010010100 0100000001 0110000111 100 010011010 11010011 00001010 100 0100100100 001010011 0010101101 100 100 0111 0011 0001 101010 0001 0111 0011 0000100 
0100 1001011 011 1010100001 010111110 0000 0101100101 1000111110 0010100 0000 1100100 1001101001 11011010 0000 1010101000 1000110 011 1100010 11101 0000 101010011 00101100 11011111 11010011 0000 1000011010 111101 1000001011 011 1100100 10101011 10100101 11101 110011 11101 011 011 0100 0011 0001 10111 0001 0011 0011 111100 
0110 1110001 010 1000010001 1011111000 0000 00010110 111010 0000 000100100 100100110 0000 100110000 00010011 0000 1111000 10110011 0000 1001100101 0111010011 100100010 0000 100100101 11010110 010 101011011 10100010 1011011100 0111111000 1010011 10000101 11011110 011110110 1000100 0000 0001100 0000 0110 0001000 010 1011101011 01111001 110001 11111 010 010 0110 0011 0010 11001 0011 0010 0011 111101 
0101 110001 011 010010101 000010011 01000100 111 0100011 01000000 111 1101001 00011110 0100100 111 1101010 000110000 111 10000111 000110001 1101000 00011101 011 100101010 1011101101 01000101 111 0001011 111 0010 0000101 011 101001100 01000101 100110011 000100110 10101001 011 011 0101 0011 0010 11001 0011 0101 0101 0011 
0101 11010 011 10101011 101110010 10011101 000011101 101010101 0001111 111 100111111 000010010 111 0000001 1100001100 00011000 011 10101011 101110010 10011101 000011101 101010101 011 10101011 1010010111 110111 000001 011 011 0101 0100 0010 100001 0100 0001110 0010 0010 
0001111 0100 011 1010101 1011001001 001101000 0000 100011011 0001110 0000 10010011 100100100 1001110101 011 100011001 00111111 1001011010 011 110101100 00111010 1000111001 101000001 100011001 11101 011 011 0101 0100 0010 11011 0100 0010 0001111 0010 
111010 0010 011 00111100 1000100 000111011 00010100 0000 1011110100 1101001111 10111010 000101111 011 001100110 10111010 110001111 1000111 10000001 100101000 1101010110 110000111 1000110 011 1000101 00010011 111001 11110 011 011 0101 0100 0010 10100 0100 111010 0010 10100 
111011 0101 011 1111011 0001000 0000 1001110101 1110000111 011 100111110 10000000 110001011 11111 110101101 011 1011100010 1111010 011 011 0101 0100 0010 100011 0100 100011 0010 0001010 
100111 100111 011 11110000 001000001 1101001000 0001000 0000 01011010 1100110100 11010111 0000 000111000 00011101 00101111 001000101 011 001010111 1011111100 001001011 011 111000100 110100001 011 011 1000 0100 0011 10101 0100 1010000 0100 1111011 
100111 0001001 011 0100001 00101000 0000 1010010 00011100 1110101 11110101 0000 110000001 001010111 1001100 0100001 0000 0000 0000 1010010 00011100 1110101 0000 1101100110 10110010 0000 00101000 00100110 001010010 0000 10111111 1101010011 1011001111 1110000 10010011 0000 1011110001 111110 0100001 011 00100001101 10110111 1011001110 011 00101111 111110 010001111 111000111 011 011 1000 0101 0011 10101 0101 100111 1000 1000 
100110 0100011 011 1111010101 110101111 001010001 0000 00011100 110010110 010000010 0000 1111110000 0001011 0000 010001000 00100100 00011000 0000 1111010001 00101001 00011000 011 110010000 11011010 1111011011 110111111 0000 1100101110 011 0010011 1010001 100100010 111110110 011 011 1000 0101 0011 10110 0101 0011 1000 0011 
100010 1010001 011 0011 1001 1101010 10100100 0000 11001101 010000011 0001011 0000 1100101100 00010010000 011 001011010 010010001 0000 1010111111 00011010110 0000 010001001 0001010001 1110111111 011 010000010 101101 0001000000 011 011 1001 0101 0011 101010 0011 0101 100010 0101 
100000 00011010 011 0001001000 100010110 1111011110 011 10101100 1111110100 01001111 0000 10101101 111011011 01000001 1100111100 00011001 011 010001100 1110011110 11010110 00100000 011 011 1001 0101 0011 101010 0011 0101 100000 0011 
010000 101001 011 10101010 1101110100 111 110110101 0001110111 0000111 111 0001100001 110101010 011 00100111 010011011 1100011 111 110111000 1101110110 011 101010001 01001011 0001011011 100000111 000011010 001000 011 011 1001 0101 0011 10111 0101 1100000 1001 10111 
010000 10111 011 0001101111 1010111 1100011111 1100001 111 110110001 11010100 100011001 011 010011110 000111010 00001001010 011 00000001110 0010000000 00010111000 011 011 1001 0101 0011 101010 0101 0100011 0101 010000 
0010110 0101 011 00111001 00010101000 10001111 00001000 111 00001001000 0010000111 10111100 111 000111101 000100100 000010101 00001000 111 110110110 110101 111 0001000100 0011101 011 00010000 100000100 000000010 011 00011100 10110011 00000100 001010 011 011 1010 0101 0100 100110 0100 0100 001101 0101 
110110 0100 011 001001110 00000100011 00100110011 011 0001011111 00101000010 111 10010101 00110101 1011101 1001011 111 110110 1000000 011 00010001000 00000111110 10011010 00100101 10010101 10111000 001011 011 011 1010 0101 0100 11000 0101 1010 0101 100111 
110110 1001 011 10111011 000100110 111 00100001 0000001111 111 10111011 0010100100 111 000010111 110100111 0011011 011 00000101110 00111011 0000011000 011 11000001 1101001011 00100101000 101001010 10000001 011 011 1001 0101 0100 100011 0100 0101 1001 1000001 
110111 001111 011 110110 11010100 00001001110 111 0011100000 101110001 111 00011100100 101011011 00001101 0000100011 111 10111110 11000100 0010111001 00000001 00101000111 011 101000100 101010000 00101111 011 10100100 00000110111 0010001111 101010001 00010100101 011 011 1001 0101 0100 11001 0101 001111 0100 0011101 
101111 101111 011 00101101101 00101100 0000100 111 00110101110 11011100 011 000011101 00011010010 100000100 011 0010000 1101111 11010100 101101011 011 011 1001 0101 0100 11000 0101 1011101 0100 101111 
110001 0100100 011 00110110000 1101000 110000100 111 0001011001 00101111111 111 0001001110 00010000100 00100000110 111 101101001 00100111100 0001010010 011 0000111101 00011011111 10100110 0011101001 011 0001101001 0000000 101011011 0011111 010000 011 011 1001 1000 0101 11001 1000 1011111 1000 010001 
110001 1010000 011 10101100 1110101 0000 00111101001 001101101 0000 10101000 0100101001 000101100 0000 110000000 101010101 0000 0100110010 0001010 011 001011000 11011111 0010000111 011 1001 0101 11101100 00110000 111111 000100 011 011 1001 1000 0101 11010 1000 0101 1001 000110 
100111 1101110 011 10111010 0001111101 0010110011 111 00110100011 111 0100010110 101111011 010000100 011 01001000010 01000101110 000100 111 010000011 110010101 011 110001100 110001100 011 011 1010 1000 0101 100101 1000 000110 0101 1010 
100111 100101 011 0101 0001000 1000 10110100 0000 10011010 001010010 11011110 0000 01000011110 1001000100 1111111 0000 10010011 001011101 011 00101111011 00101010100 00011101111 011 11100000 110011010 111110 000101 011 011 1010 1000 0101 100101 0101 0101 1000 0001000 
100111 11011 011 10011001000 01010111100 110010010 11100100 011 001101100 10111111 00110100000 011 001101100 11111000 00111001 110011001 011 011 1010 1000 0010 100101 0010 1010 0010 1010 
111001 1000 011 010010001 10111101 0000 010110111 11000000 11110111 011 0100000001 001111111 0101000111 011 001110000 10011010 110011000 10010100 10011001 000101 011 011 1010 1000 0010 11011 1000 000111 0010 111001 
110110 0010 011 11111001 01010110001 00011011 0000 0101001111 0101000111 10000010110 10111100 10110000 1110100 0000 100001100 01010000000 0000 0001100 100100010 0000 10000011 110011101 111011 0000 01011101001 100100010 0001100 011 00010101 000100101 110010011 011 1010 0010 11010000 1111000 0001011 000111 011 011 1010 0100 0010 11100 0100 110110 0010 110110 
110001 1010 010 10001011 100110110 10000100111 010 00110100 01111110101 0000 10111001 11011000 11001111 010 1001010011 110110011 10010011 00011110 00110000 10001001 000110 010 010 1010 0110 0010 101100 0010 0010 0010 101101 
110000 001110 010 1000000100 0000 1001101001 1000100011 00110010 0000 10101111 1000101110 00010000 100010100 0000 10101101 110110 0000 11001100 1110011 0000 11010111 010 110110 0111100000 10100100101 010 000101000 110110 110011111 010 010 1011 0110 0010 11101 0110 110000 0010 0110 
101011 101010 010 1001110110 111000100 11111111 0000 0111110010 1100101 0000 00111101 100010000 010 000101100 01111100000 1110111 010 011100010 1000010110 000110 1111110 010 010 1011 0110 0010 101001 0010 0110 1011 101011 
100101 100101 010 0001111 1111110 100111010 0000 1010011101 101000010 00011000 010 0111101100 1110110 10000110000 0000 110111111 100010010 010 00101000 11101011 00011000 000100 010 010 1011 0110 0011 11110 0110 100101 0011 100101 
011110 1100011 010 1001100001 0010101 0000 100010011 00010001 00010011 0000 1000100000 1100100 0000 001000011 1101001 11110001 010 1000111110 111100000 0000 10010000001 1110011 10010101001 110101 1110011 010 001000011 1010101010 00101111 110101 011101100 010 010 1011 0110 0011 11011 0110 1111111 1011 011110 
011110 1101100 010 10101000111 10100001011 0010100 0000 110111010 10010000101 010 1001001111 11010001 0000 00010010 11000001 010 1011 0011 11001010 1111110 0001100 000101 010 010 1011 0110 0011 100011 0110 011101 1011 1101100 
011100 011111 010 0001100 11001011 0001001000 000101 010 111100110 11000001 0000 1110110 01110100 0000 1110100 0000 0011 1101000 010 1011 0011 10010101 1101110 0001101 000101 010 010 1011 0110 0011 11100 0110 011111 0110 1101010 
001011 11100 010 1010000011 111100100 0010100 0000 10100001 10101011101 10100010111 010 10100101001 10100110110 1110100 0000 10011100011 10100100011 010 000101 101010000 01110010 10000110001 000101 0001101 000101 010 010 1011 0110 0011 11100 0110 11100 0011 1100101 
1100101 0110 010 101001100 000001010 110111 0001 101001100 000001010 10111110001 000001000 0000111 010 00100000 00100101 1011110101 010 11010111 111100110 111110100 110001101 1010010011 010 010 1001 0110 0011 11100 0110 1001 1001 0110 
1000001 0011 010 10100001101 11011100 0001 11011101 1110100 0001 11111000 0000001010 010 1100001111 00101000 001010011 010 11011101 100010111 00101011 110110 000001111 010 010 1001 0110 0011 11100 0110 011101 1001 011101 
1000001 1001 010 0000001000 11100001 0001 101001101 0000000101 0001 0010000011 110110000 1011001110 0001 110000100 1000101110 101011010 010 001011001 00100111 00000101 10111011 010 111110100 110100 101011100 0000101 000011 010 010 1001 0110 0011 100001 0011 0110 0110 011101 
0111110 100000 010 01111001 11000001100 0000 11001011110 0000 11000011010 101110110 1110101 0000 0001100101 11010000011 110110 0000 10100001010 10001100 11000110111 0010000 010 1011000100 00100111 00100110 000100 0000 101001100 011101000 1111101 110010010 1110100 010 1010101000 11000101000 1011111101 101110100 010 010 1001 0110 0011 11110 0110 1101011 0011 0110 
0100100 110111 011 10110011 01001100 1100011001 0000 11100101 110101111 011 0010001000 11000011101 1100100000 011 00100110 10101011110 10111001 011 011 1001 0101 0011 100001 0011 1001 1001 0101 
0010111 010100 011 00101101 101001101 11010011 0000 0001110010 0000 0010000000 10100001 00101100 011 10100000 0010010010 0001100000 011 000100111 10100000 000110001 11000101001 10001100 011 011 1001 0100 0011 100010 0100 010100 100000 0100 
0010011 0010011 010 00010001 1100111110 0000 1110001 00010001 0000 11001101011 011101011 1100110111 0000 1011000100 000110010 0000 1110001 11010011011 1110110 00011101 010 11001111110 0000 11001010000 1110101 000101 010 101001110 011111000 111001 100000110 010 010 1001 0011 0110 100010 0011 110111 1001 100001 
0001100 1011011 010 00100011 11010101001 10111011111 11010111 0000 11001110000 110010000 011011011 0000 11100001101 0010100 0010011001 0000 101010101 001010110 0110100 0000 1101111111 11011101000 11001100 100000101 010 101010101 001010110 010 100000010 0010010011 000101 1111001 010 010 1001 0111 0011 11111 0111 101111 0011 011001 
0000100 100010 010 10000110 001111110 0001 110011110 101011111 0001 11101011011 0011000011 0011010 0001 0000110100 010 11110110 0000111000 000001 0001 0000111001 1101010 00001011 010 10100100 00110011 000000010 000001 0010011 000001 010 010 1001 0110 0111 11111 0110 1001 1001 0000100 
0000101 11111 010 1110111011 0000010111 000000 10010000 1011000100 111000011 000001100 001011110 0001 1001101 001111111 001111101 0001 00110011 001000110 001101011 10000010 010 00101100111 0010000000 000000 1110001 0001 10110011001 11000110011 1001101 010 000000 11010001011 11001000011 00110010 111100 000001111 010 010 1010 0110 0111 11111 0110 1010 1010 001110 
1011001 0110 010 10011100 1001100 11001010 101101 0001 101101 11011001111 100011101 0001 1110110111 000010111 0001 11011100101 000010011 0001 11010011001 101101 0011010110 010 10111110101 11010000001 0010100100 010 0010001 1011101001 010 010 1010 0110 0111 100000 0110 11111 0111 0110 
1011000 0111 010 110011000 0001 1111010110 1011110 1110110 0001 10011000 11111100110 100010101 0001 1101100100 11110110010 1011110 001010011 0001 11111010000 11000101 0010000 010 0011000001 0010101001 0011001011 010 001101101 111000111 000001 1011011 010 010 1010 0110 0111 000000 0110 100101 1010 1010 
1001110 1010 010 10110100 1100000 0001 1110001100 111100010 11101111 0001 110101000 0010011011 0001 000010110 11001111100 00001000 00100101 0001 0010011101 0000111 010 00110110 00110110 0011010011 0001 1110010101 10000100 10110101 010 0011001010 0011101001 0010011100 001110110 000001 010 010 1010 0110 0111 000000 0110 1010 0111 0111 
1001100 100011 010 0011101010 001001101 0001 1111011011 000011101 1100011 0001 10011101 100100110 100101110 111011110 1110110101 010 0011101010 001001101 0001 1111011011 000011101 1100011 010 101101000 101111 100101001 0010100 000010 010 010 1010 0110 0111 100010 0110 0111 0111 100000 
1000101 110001 010 001101010 001111111 10010100 0001 110110101 10000111 000011010 010 101110 11010000100 001111110 010 1010 0111 10111101 1100001 0010100 000010 010 010 1010 0110 0111 11111 0110 110001 0111 0110 
1000100 100000 010 1011101 001011010 10010001 0001 0111 0110 0110 000011011 0001 101101001 11111010011 0001 0011101111 1011101 1011100 0001 11000101 001011000 010 1111010000 1000011 10110000 010 1000011 10010001 1000011 10010001 0011111010 001101000 010 010 1010 0110 0111 11011 0110 110010 0110 100101 
1000011 0000111 010 101100100 000000111101 10010011 0111 0011 0011 11110010011 0001 1011011 000000001001 0001 1000010 001001010 001000111 0001 11000111 001000011 11111011010 10010010 010 111001101 000000001000 00101110 0001 001000010 11111000 000001111110 000010 010 10111110 10000010 11001000 000010 0010011 000010 010 010 1010 0011 0111 11011 0011 1010 1010 0011 
0110001 0110001 010 0010011 10010101 1000011 0001 11100110 00001111 000001011010 0001 101110111 10000010 010 101110100 0000011001 11110111 010 1110101001 1110100100 111011000 001001001 010 010 1010 0011 0111 100111 0111 1010 0111 0111 
0011000 100101 010 1011110 11101001 00111101 0001 11101100101 11001111 11111010000 0001 10111010 001100100 010 00100110 11000011 101101010 111000010 010 00100110 10010001 101101111 11101101 00101111 010 010 1010 0110 0111 100101 0111 1010 1010 0110 
0010111 11011 010 100011 0011 01100100 0110100011 1100110 0001 01101010 011001110 011001111 11001010 0001 000000001 11100011110 0000010011 0001 01101001 0010000 010 00100011 110001 101111100 0001 0010000 1000100000 10000100 010 111110111 10000100 10011100 010 010 1010 0011 0111 11011 0111 0011 1010 101100 
100101 0110 010 101101101 11101001 110000000 11010011 1001101 0001 110000001 1001101 001010010 1001000 1000110011 010 101101101 11101001 0001 110000000 11010011 1001101 010 100011000 110001 001010101 0010111 000000 010 010 1010 0110 0111 100101 0110 0111 0111 100010 
100110 0101 011 00111001 110001000 1000001 0001 1001011 00000011100 011 1001001000 0011110 0001 10110010 001000000101 011 1000010100 110000011 00100100 10111110 1011100 10010001 11101 011 011 1010 0100 0101 11100 0100 110100 0101 0010111 
100000 1010 010 1001110001 0011110 0000 110001011 10111101 001011000 0000 1111010 000111010000 0000 11111010000 1101000 0000 101100 00011010011 0011110 0000 11011111 000100011 010 1001110011 00100100 000110000 100100011 0000 1111010 0001000101 110010011 010 11111111010 00100000000 0010100 11101 010 010 1010 0110 0111 100000 0111 1010 0111 100001 
100001 101000 011 100110111 101011100 001110000 1110100001 0000 00111010 100100101 011 001101001 11000100 000110010111 0000 000100010111 00100100001 0000 0011110 11101100 00011011101 0000 00110101 0000 0101 00101100 011 0001000111 110100011 101011100 11111111 11110 011 011 1011 0100 0101 11100 0101 0100 0101 0100 
100001 110110 011 100110111 100100101 0000 000100001011 000101100000 011 00111001 11000100 1110101 0000 1001000110 000101110001 001000100 10111001 011 1010 0100 11010100 1000110 0010101 11110 011 011 1010 0101 0100 100001 0100 1010 1010 100010 
001111 100010 011 0101 11100010 0000 0101 00011101100 0011101 0000 1000110 1000111100 011 11000010 1010100001 1110011100 011 10010010 10000111 10011110 11110 0010100 11110 011 011 1011 0100 0101 11101 0100 101001 1011 0100 
001111 0011001 011 0100 000110101000 0000 001110001 001000011010 00101001011 011 110000 001110011 0000 00100110111 110000 0010100001 011 000110001111 000100111 110000 1101010 11011010 001101000 011 011 1011 0101 0100 001111 0100 0100 1011 0011000 
001101 0011000 010 0001011111 0001011111 1100010 000100111 0000 110101000 110000 1111110 0000 00010100001 1100100 0000 000110000 00011000111 11111110 010 10011001 110000 11100001 0000 1001010011 00111010 001000110111 11100001 010 100100111 00101001100 100101000 11100000 00010000 010 010 1011 0111 0110 001101 0111 101010 0110 110111 
001101 001101 010 110010101 11010000 10010000 0000 10000111 10000000 10001111 11110 001001111001 010 101011 110011101 0001101010 010 10000001 0001101101 0001111 010 010 1011 0111 0110 11101 0111 0110 1011 100010 
001101 11110 010 110010010 00011110000 1000100 0000 10000101 001110101 010 101001011 101011 0010111110 0000 11000011 11100 001001100 1000101 010 10000011 00111000 10000110 11100 0001001 11100 010 010 1011 0111 0110 11110 0111 0011000 0110 0111 
11100 0111 010 101010101 10000111 11001000 0000 10011010 00100101011 0000 1111111 00100010100 00100101001 010 11011110 001011000101 00010101110 010 0011001 10001111 0001000 11101 010 010 1011 0111 0110 11100 0111 0110 0110 111100 
11101 0110 010 001111110 11001010 0000 110111010 11001010 11010100 010 11001011 00100000111 1001111101 010 1001111000 1010100100 001111100 11011111 010 010 1011 0111 0110 11101 0111 110110 0110 11101 
11010 1011 010 10000101 1010010010 11001111 0000 110110100 10101100 111011000 0000 1001111101 00010000 0000 1010100001 1010100001 10010111 0000 1010101101 10100111 11001111 010 10010100 000110000011 010 10100101 111001111 0010101000 11101111 010 010 1011 0111 0110 11010 0111 001101 0110 0011101 
11010 101000 010 001000101111 1000011 1100101 0000 0011001001 1010110000 10010111 1100101 0000 00111110 00100101100 110001 0000 00011011101 0001111 010 100001000 00101111010 10010011 010 10011010 11110110 00111111 000101110100 010 010 1011 0111 0110 11010 0111 0110 101000 0111 
11010 110111 010 10000001 100000111 11110110 0000 000111011010 111000011 1100110 1010110 0000 11011010 001001111 010 00010000 11011011 0000 00010001 10000101 010 0001100 10000100 0001010 11111 010 010 1011 0111 0110 11010 0111 1011 0110 101000 
11011 100110 010 1011 001011001011 0000 001000010111 11010101 0000 110010101 0000 001000111001 11010001 0000 10010100 110000110 001001010010 101001 0000 10000011 111100011 001000110110 111000010 0000 0011010011 101001 0000 00101010100 1000100 1010110 0000 111011100 11010010 000111001100 001000111101 0000 111011010 1100100000 001011011110 010 100000101 101001 00110010100 0000 00101110101 10000110 10000000 010 10100000 111101111 001101011 110000101 010 010 1011 0111 0110 001110 0110 1011 0110 001110 
11011 0111000 010 0001100 001001111101 101001 0000 110000110 1001110 111000110 00011110110 11000010 101010111 0000 011111000110 0001100 0010010101 010 00101001000 0111011 0000 11000110 001001011000 0000 01110101 0000 0110 00110011 010 000100 00101100000 00111110001 01110010 101001 000101110 010 010 1011 1000 0110 11011 1000 100110 1011 0011011 
11011 0001111 011 01010100110 0010010010 0101111 0000 00111100 110001100 0000 100111 001010001110 001110010100 0000 0010110100 001110110000 011 00110110 00110000001 0000 1110111111 110000011 11100000 011 10011010 100101110 1101011000 000110000 110001101 001000111 011 011 1011 1000 0100 11011 1000 0100 101010 0100 
11011 001110 011 10011111 01000011011 0100110 0000 001101111 1101000010 001000111100 011 000110000 1001001 0000 010000100001 101001 111011001 00011111 011 01000100 00101001 10010000 000100 0001101 000100 011 011 1011 1000 0101 11011 1000 11011 1000 101011 
11011 11011 011 1101001 10100110 10010101 0000 110001010 110001011 0101 010000011011 111101010 00010110 0100101 0000 00100001 1100101101 011 100111011 100111111 0011001111 011 10010010 001010000 0011111111 000101001 100111010 000110110 011 011 1011 1000 0101 001001 0101 1000 0101 0010001 
0101 1000 1000 011 01001110 0011001110 01001110 111111001 0000 1100000011 10010110 0000 00010000 110011101 001110000 0000 0011111111 0011001110 0000 001100101001 0000 101010 0000 1101010111 11100000 0000 1100101011 01000010 01000101 011 0001000101 00111001111 100111110 011 0001111 1001100110 011 011 1011 1000 0101 11011 1000 111011 1011 1011 
0101 1000 0101 011 00110010011 01001011000 0000 10100000 0100100 1001100 0000 1001100 1101000100 011 11010010 000111010 0000 01000111011 00111001110 011 001110101111 0100100 111100001 011 011 1011 1000 0101 11001 1000 11001 0101 0010001 
0011 1000 1011 011 01000111000 01000100010 00010001 0001001100 111001101 0000 00011101 0100000000 11010110 0000 00011101 000110111 0100001 0000 01000101000 01001101 101011 0000 1110001011 010011101100 11000011 1110011100 010101101101 011 11000000 0101001000 01001111011 01001000 0000 111011 00100110 011 0101101100 10011110 10100011 11111 011 011 1011 1000 0011 11001 1000 0011 0011 101001 
0011 0111 110001 010 10011101001 001000111 0000 1001010100 0001010000 101011 0000 1111000100 10000010 1111001 1101000 0000 111011 100011000 0110000 0000 1001011 1000010111 010 01101000000 10000011001 100001001101 1101101111 0000 10000100101 11011111 111110111 010 00101000 111010101 0001110 010 010 1011 0111 0011 11001 0111 0110101 1011 0011 
0011 0110 111100 010 101010001 0111110 100011001100 00011101 0000 111011011 11000101 11101111 010 101000 001001000 111000111101 11011110 001011011001 11111000 100100001101 100000000 11011001 010 11111011 1000001100 1000000011 10011111 010 010 1011 0110 0011 11010 0110 0010000 1011 1011 
0011 0110 101001 010 11111 1101110001 1100111000 010 11110111 11110101 0000 10010101101 101000 10000001101 010 0111001 001001011 11111 0001110 010 010 1011 0110 0011 11010 0110 0111000 0011 0110 
0011 0110 0111000 010 111111011 10110100 0000 10100001 101101101 1011110 0000 111000010 10100000 10001100000 010 00101101 111011011 000110010 11110101 0000 10110111 11110111 00101101 010 00100001 00101110 10011000 000100 0001111 000100 010 010 1100 0110 0011 011101 0110 11010 1100 011101 
0110 0011 0010001 010 101100111 10100011 0000 0001100101 00101100 1101100 1010101 0000 1111010 0111111011 0000 101100111 101001 0000 0001100101 00101100 1101100 1010101 0000 1111010 0111111011 010 1111010 100001100000 00101001 10001000 10010001010 0000 100100111 101001 101101111 010 0001010110 1110111100 0001111 000100 010 010 1100 0011 0110 11010 0011 101111 0011 111100 
0100 0011 010100 011 001011111 000101011 1001101100 000101100 0000 10001010100 0000 10001010101 10000000001 000110100 00100000 0001110101 0000 111001100 10000000001 10001111 0000 1000011001 111010100 011 10001000001 1111100000 1000000011 0000 01011010 0000 1100 00100101 011 0001011100 00100000 10101100 10100100 10100011 01011001 011 011 1100 0011 0100 11010 0011 111100 0100 010100 
0100 0011 11010 011 11100010 100110110000 0001110100 0101110 0000 001011001 011 000110100 101010101 11011001 100010110 011 00100100 00101011 01010011 000100 0001011 000100 011 011 1100 0011 0100 010101 0011 101100 0100 0011 
0101 0101 0100 011 1101101 10000111 00101110 0000 101001010100 0000 1111001011 0011011 0000 10000100 100111000 001100101 0010101 0000 11011101 001100100 011 10100000010 100011111100 101000101 011 0010101 00101110 0010101 00101110 100111001 11111011 011 011 1100 0100 0101 001110 0100 111101 0100 101111 
0100 0100 0100 011 10011011 1010110 0000 11100010 10001010101 101110110 00110101 0000 111101110 00100101 101111110 0000 1000110110 100010001101 0010111 011 11101001 111101110 1000011 11100000 10011001101 00010100 0010100 101111010 101010 101110110 11100011 011 00010100 100100010100 011 011 1100 0101 0100 11011 0101 0011011 1100 0011011 
0011 0011 1100 011 001000111 111100001 100110000 0000 100011001000 100100011000 101010 0000 100011010110 01000111 0010101 011 1000100011 100111111 1010000011 011 1010000010 101110000011 011 011 1100 0101 0011 11011 0101 010000 0011 101101 
0011 0011 110100 011 100100101101 00101101 0000 10100011111 010001010 1011011 00011000 111111010 111101010 0000 10010101010 000100100 10010000 1001100000 0000 10101011101 0001111100 1011011 11100110 011 10001000 10000111 101000101101 11010100 0000 111001111 10100011100 10110010 011 111000010 00011001001 010001110 11111000 1111011 011 011 1100 0101 0011 11011 0101 111010 0101 1100 
0011 0011 111010 011 100101111 10000011 0000 100111001101 1011000 0000 11111101 1110110001 011 01000101 111000001 0000 11100001 101011 101101010 011 0010100 000100111 000101 0001101 011 011 1100 0101 0011 010000 0011 1100 1100 111010 
0011 0011 101110 011 100100010101 1011011 10011111 110101101 0000 0001000110 1010100101 10000000 0000 1111000110 1001011100 1011011 10011111 11011101 110100 0100 10010101101 0000 101011010010 110110010 0000 10010011 100111010 11101011 0000 100100100100 1010101101 0000 10101010 001000111 10010110000 11010111 011 110110100 101001110101 10011011001 011 0010010000 111100100 110110010 100000111 000101 011 011 1100 0100 0011 010100 0100 111011 1100 101110 
0011 0011 0100010 011 10110000101 11011110 0010111000 1010100010 0000 101100111011 00010011101 101000101100 0000 0010010100 0001000011 101001 1001000 0000 00101000 0010011001 10001011 0000 1000110 10000001110 00010001000 0000 1111100110 001001111 00101100 0000 10101010101 10000101 1001100101 10101110001 011 111100110 001000001 111010101 011 110110000 11111010 0001110 000101 011 011 1100 0101 0011 010000 0101 010000 0101 0100010 
0011 0011 0100001 011 00101101 00010000001 0000 101101101001 100000001 0000 101011111010 100110110100 100110101000 10110001001 011 11110110 00101101 101011010111 0000 0001001011 01001100 11010010 1111001 011 10110001111 00101001 11010011 000110 011 011 1100 0101 0011 11100 0101 110101 0101 101111 
0100 0100 001100 011 00010000000 1110111 0000 1111100001 100100110001 100101 0000 00111101 00111100 00010111 10011100 1011001111 011 10011100 111111011 0011010 011 00101010 0010100101 1000001 1111010111 011 011 1100 0101 0100 11100 0101 110101 1100 11100 
0011 0011 11100 011 101001100010 00010001011 1000010 0000 100100 11001011 011 11110110 101010111 1001101 011 001011011 000111001 001000101 001010100 011 011 1101 0101 0011 11100 0101 111100 0011 0100000 
0011 1100 0101 011 100001110 0010001001 1001101111 10001110 00010000010 0000 101010101000 01000001 00010111 1001100 0000 0010011010 111010011 011 101010001110 001010101 0000 000110 10110010101 011 10001110 10101101 10001111 000111111 011 011 1100 0101 0011 010001 0011 1100 0101 0100101 
0011 1101 0011 011 110000101000 1001010 0000 1111000 0010101000 101110101 0000 1001011 001010101 10100000 11001101 00010010011 0100111 10000100 10101011000 0000 0010110 010010001 10011011 0000 10011000 000111110 00010011001 11000011 011 1001011 001010101 10100000 011 000111111 11111111 000111100 001000001 011 011 1101 0101 0011 010001 0011 0011 1101 110010 
0011 1101 1101 011 100001111 00011100 00010010100 0000 0011 011 11110010 101100111 00101011 011 111110011 111010110 101011011 000111110 000110 011 011 1101 0101 0011 11100 0101 010001 0101 0011 
0011 1101 110011 011 010010001 1111100 1100001011 0000 1101 011 11001001 100001111 00100011 011 111011011 101100000 100011100 11111110 000110 011 011 1101 0101 0011 11100 0101 001010 0101 0011 
0011 1101 111101 011 0001011011 0100110011 01000111111 100011110 0000 101000 000111111 10000100 0000 00010110001 10001000 0000 10110001111 0000 11000001000 0100001 011 0001011011 0100110011 01000111111 0000 10001110 0000 0011 00100110 011 111010100 01000001 1100110001 1001010 10010001 000110 011 011 1101 0101 0011 11100 0101 110001 110010 0011 
0011 1100 110101 011 10110110101 110110100 0000 101100000001 100111 0000 0001101010 010001011 0000 00011000100 00011000000 10000000 0010100 011 10100111 1001000 10000111 0000 10001000 0000 0011 00011111 011 101001011 00101010 0100110011 1001000 10001010 000101 011 011 1100 0101 0011 11100 0101 1100 1100 1100 
0011 1011 1000001 011 10001001 00101011 00100110 0000 10100000111 00010110100 0000 110100101011 011 00011010011 00100110 01000111 0001101010 0000 10010100 100111 001000111 011 000101110 10001001 011 011 1011 0101 0011 11100 0101 1011 1011 001011 
0011 1010 0100110 011 1000001 11000111 1000011010 0001010010 0000 101110001110 100000010 1011110101 0000 111100110 0000 10110111001 1011110011 0100000 011 1000001 1100010000 011 0100011010 010010101 1111110 001001011 1000001 10000101 000100 011 011 1010 0101 0011 001011 0101 111101 1010 110111 
0011 1010 010000 011 1100111101 11111111 0000 00010001011 1111011 111111100 0000 110100000101 110110011011 100111 1001101 0000 110101101000 11111111 0000 00010001011 00100100 011 00011011111 001001010 00011101110 011 110011011110 011 011 1010 0101 0011 010000 0101 0100010 1010 0101 
0011 1010 11101 011 101100 1001100 0100111000 0000 11010000 101110111 100111001 11001011 111101 0101 100111000 110000101 0000 1001100 10111100001 11110001 11010011 011 0100011 11001010101 10010100 0000 100000100 100110111110 000101 011 01001011 11010000 000100101 0100111111 1111100 011 011 1010 0101 0011 001011 0011 0101 1010 0101 
0011 110110 0101 011 11011110111 10000100 1001001 0000 01000001 110010100011 01000110 0000 1001001 000110100 11001001101 0000 0100010011 1100000110 0000 10010000 10011100 10010101 011 1000111111 1000111000 01000101 011 1010 0011 001000011 1001101 0010011 000101 011 011 1010 0101 0011 11101 0101 111100 0011 11101 
0011 101011 0011 011 001000110 0011 0100 1101100011 0000 110101110001 111100101 110010000 00101000 101001011 0000 10100100 101001011 110010000 11001100100 11001001000 10101001 1011 0100 0011 11101 10101011 011 0001000100 101001011 100111001 01011100 0000 111101 00100010 011 000100110 000100101 000110010 001000011 011 011 1011 0100 0011 11101 0100 111101 0100 110000 
0011 101011 1011 011 010000000 1000111101 0000 1111000110 110001011 0000 10011011 110110111011 0100010 011 01000110 11000101010 0000 10001001 0000 11011000110 00100110000 110110110110 0000 01001010 011 110101011 101000 001010110 0010100 000101 011 011 1011 0101 0011 001011 0011 0101 101011 0011 
0011 101011 101011 011 110100101101 011 1111000111 01011101 0000 1101011111 011 110001010011 0101011 011 011 1011 0100 0011 11101 0100 110000 1011 0100 
0011 101010 111101 011 110111001010 0100011 00101000 0000 11100110110 11100110110 11000010 0000 1111101 0001101001 101000 0000 1010111111 000100001 0000 1101001000 00101001 011 001011111 00101101 0010010110 011 111100100000 11100110010 011 011 1011 0101 0011 010000 0011 1011 1011 111101 
0011 101010 110000 011 11101111 1101111111 1111111001 0000 1101100000 110111000001 10011011 0010010101 110101011110 0000 0100011 101000 00101000 10000111 0000 1000101110 01000100 1101001111 011 111010011 00010011 00101011 011 101001000 00101101 0010001111 1000001 00101011 000101 011 011 1011 0101 0011 010000 0101 110000 1011 110000 
0011 101001 0100101 011 00011111100 10001001 0000 110101101 00100111101 10101110 0000 1111110 0001001101 011 0010100110 101010000 100011100 011 000100001 000100011 000101011 000101100 011 011 1011 0101 0011 001011 0101 0100101 101001 0101 
0011 101001 1000011 011 0001011001 100111 00101111 0000 10000010 0000 1110010110 111011011101 011 100011010 1001010000 11101100001 011 000100100 11000110 110100110000 1100011110 011 011 1011 0101 0011 11110 0101 1011 0011 110000 
0011 101001 010000 011 10000011 1100000 0000 1100101101 00011100 0000 1001001111 11010100001 0100010 11100111 0000 010010001 0001001111 1001011110 1110100111 10000111 0100010 011 11010100000 0000 110110001101 10000101 0000 1001000110 001001101 1000110001 011 11101110000 0010110 011 011 1011 0101 0011 11110 0101 0011 0011 0101 
0011 101000 11010 011 1001000110 00011000 0000 0010011000 01001011 0000 11100010000 100100110 00011000 0000 11100010001 10001011 11011001000 0010110 011 00100000011 000110011 0010100110 011 11001011 0001000111 110011111100 011 011 1011 0101 0011 11010 0101 1000010 1011 110000 
0011 111111 0101 011 00101111 110011010 100101110 0000 00100111001 111011011 00010010 0000 00101110011 1010101 0010001 011 111011100 111011001 10001001 0000 10001001 11110000111 0100110 011 111001111 110000000 100101100 000111010 000110 011 011 1011 0101 0011 11010 0101 0100100 0011 0101 
0011 111111 0011 011 000101101 110011110000 10000010 011 101000 0100100000 11111000010 11000100 000110110 00010001 10101011 011 10101010 000100001 0001100000 011 011 1011 0101 0011 11010 0101 0100101 0011 0101 
0011 111011 1011 011 111001101101 0010010101 11111011001 0000 01000100 1110001001 010010101 011 0001010011 0010100011 000110011 011 11101000110 111000110111 1001001001 00100010001 011 011 1011 0101 0011 010000 0101 010000 0101 101000 
0011 110110 101000 011 10101100 00100000 001000100 01000011 101001 00100000 0000 0011 0011 11010 0000 0010111101 01000000 0010001100 0000 01000001 10001000 1101111010 100000110 011 000100001 0001100100 00101010101 011 010011100 010011100 100110110 000101000 011 011 1011 0101 0011 11010 0101 010001 0011 1011 
0011 110110 110110 011 0001000100100 000110011 0100001010 1001110000 0000 0011 11101010110 0000 110011000 00011111 0100010101 01001101 0000 00100101101 001001001 011 0100011110 10000101 0000 000111011 01001001 011 111110010110 11000111 011 011 1011 0101 0011 001010 0101 001010 101000 0101 
0011 110110 110001 011 00010011 11110000001 0000 010000010 00010010 0000 111011100110 1010110 0000 000111 100101011 101001010 0001010100 0000 0010011 101010 00100000 10000010 011 110010111 00101100011 01001010 011 1001100100 00100011 1001101001 000111 011 011 1011 0101 0011 001010 0101 101000 1011 110001 
0011 110100 0100111 011 10000010 1001111 0000 11110111001 0000 0010010 101001 00010110 00100111 0000 1010000111 111010111100 0000 111001100000 00100111 011 100001111 00010111 01000010101 0000 10001011 101001 011 10100010 01000010001 0100110 001000 011 011 1011 0101 0011 11011 0101 0100111 0101 110001 
0011 110100 1000111 011 11100110111 000101010 0001011101 0010010011 0000 100110 01000111100 0000 100001101 1110000100 1001011 0000 11010110 011 0001110101 01001101 0000 000101101 10000010 011 11101010000 10101110 011 011 1011 0101 0011 001011 0011 0011 1011 0100010 
0011 110100 001011 011 111001010001 1001111011 0000 11110111111 1000011 0000 101001100 011 0100100111 00100101 0000 000111101 01000000 0000 01001000000 11010110 111001101 1000011 011 010011101 000111101 1111000000 011 011 1011 0101 0011 11011 0101 110001 0011 0101 
0011 110011 11011 011 0001101110 00010001001 110101001 0000 10010111 00100110 1100000 0000 111000101111 011 001001010 100110 01001010001 0000 111110000110 0000 10001001 0000 0011 00100100 011 00101111 100110 0001001010000 1001001 00100110 001000 011 011 1011 0101 0011 010000 0101 0100010 0011 110001 
0011 110001 0101 011 01001100100 000100001 111001110 0001101100 0000 1011 00010101001 0000 100110 10010010 0000 1110101 11101100100 000111001 1001110110 011 111100111 01000110 0000 000101011 00100110 011 01001010000 10101001 011 011 1011 0101 0011 001011 0101 001011 101000 0101 
0011 110000 0011 011 00010000110 11100001 110101001 111001111 0000 110011 1010110100 0000 010010101 01001100010 000101001110 100011100 0000 100010010 000101000110 1001101 0000 01000111111 011 110101010 00100111 0000 11111101 00100101 011 00010001010 10011001 011 011 1011 0101 0011 001010 0011 0011 1011 0100010 
0011 110000 1011 011 111100011101 100101000 00011000 0000 110101110 111101011010 10011011 0000 001010101 10011011 100100110 111001010 011 11100100 000110011 1001011 011 00011000 10001000 000110011 10001000 0001110000 0001101010 1100010000 011 011 1011 0101 0011 11011 0101 1000111 0101 1011 
0011 101010 101001 011 1111100010 1110101 1001001 0000 1111100010 1110101 0000 0000 0000 000100100111 1111111010 10000001001 10000001000 0100110101 00010111111 11110010111 0000 0100110101 111111001110 0000 0001011001011 00010111111 1111111010 10000001000 1111111010 0001010011101 111101011101 0000 000100100111 1111111010 10000001001 10000001000 0100110101 00010111111 11110010111 011 11011110 00101100 010011111 011 01001011100 110110101 1111001111 011 011 1100 0101 0011 001010 0101 0100010 1100 101010 
0011 101011 110100 011 0010000110 100001010 1110111 0000 00100100 111100100000 1110111 0000 000101110010 1111101 0000 10001100 1011001 1111101 011 10000010111 00100011 111011010 011 010000100 10000000110 011 011 1100 0101 0011 11100 0101 100111 0011 0011 
0011 100111 100111 011 001010 0001010001110 000100000111 00100010 001001111 0000 0001110110 11011011 1001000 0000 0010000001 10000011 1011100000 0001011000000 010010110 011 0001011101 10011011 0100010 0000 100001001 001000011 11010110 011 10010110 00010010000 1000100 001010 011 011 1100 0101 0011 11100 0101 0011 0011 100111 
0011 101001 0100010 011 10001110111 1011110100 101000 0000 11110110101 101100111 0000 00011110000 000110111111 10011011 0000 11111101 010000111 0000 10001001001 11111101 0000 00011011110 00011101 011 10001110111 1011110100 101000 0000 11110110101 0000 10111111 0010010001 110110110 10111110 011 10001010110 10110111 101000 100111011 1000111001 1000110 10000111 011 011 1100 0101 0011 001011 0101 101010 0011 1100 
0011 100110 1001001 011 0001011111001 111111000101 000111001101 111111111111 0000 101101100 0010010000 010010001 000110110 0000 0001011000001 0001011110010 1000100110 001001001 011 0001011101 000110010010 1011111 0000 10010000 0000 0011 00101100 011 101101100 0010010000 000110010100 0001110111 0001110001 1011111 011 011 1100 0101 0011 1001001 0011 1100 0101 100110 
0011 100110 001011 011 0001110001100 101001 0000 10000001101 00011111 010010001 0000 00100000 0000 10000110100 001001101 011 0001101000 01001100 100011010 0000 1010110 0010000110 00100000 011 0100010 000111101 1011010111 1111011100 011 011 1100 0101 0011 001011 0101 001011 0011 1001001 
0011 100111 11100 011 100100010 0001011100 100110 0000 110111100 100110 0000 1011010001 1011001 0000 10001001111 101110001 011 000110001100 10001010100 0000 1111001 111110110110 011 00010101111 10101111 100110 010011010 0010100001 1000110 10000000 011 011 1100 0101 0011 001011 0011 1100 1100 0101 
0011 0100011 0101 011 00100011 10001000010 101101111 1000000 1000110010 0000 0001100001011 10001110110 111110111100 010011000 0000 10001011100 1000000 010011000 0000 00010001100 0001100011011 010011000 0000 1110111 1011011000 0000 10001001001 011 0001111001010 10001001010 000101111110 0000 0001110101011 00100011 10001000010 101101111 1000000 0001001011101 0000 001001101 110100111 000111010111 011 10010010 1101000001 0001011010 1011111111 10001100110 011 011 1100 0101 0011 11100 0101 1100 1100 100110 
0011 0010111 0011 011 100100011 1111101001 011 111110011 00011011010 001000001 011 101010001 10011101 0010101000 1010011 00101101 010001 011 011 1100 0101 0011 010000 0101 110110 0011 0010111 
0011 0100010 1100 011 0001010110110 1011100000 1011111100 0000 1101011001 1011100000 0000 0000 0000 000110000101 0100110 001001000 001000100 0000 11010111 001010100 10010000011 100111 0000 101010010 01001110 10001001101 0000 00100101 101001100 00010011011 0000 11110001 0010110011 0000 0010110111 0100110 11011000 0000 00100101 0100110 011 11010111 001010100 10010000011 011 001000110 01000110 00101110 01000110 011 011 1100 0101 0011 010000 0011 0011 0101 1001001 
0011 0010100 101100 011 101110111 100001011 1011100 1010010 0000 0100101010 001000111 001001001 010010011 0000 11011000 0001010111101 11110001 110100100 0000 0011 11110111 011 101110111 100001011 1011100 011 010001 10011000 10000000 1000100 010001 011 011 1100 0101 0011 001011 0101 001011 0011 100111 
0011 0010100 110110 011 0001010110 0001000000100 00100100 1111101 0000 1001001010 00011001 0000 101011110 1000000 1011010 0000 1000110111 011 1000110010 100001100 1101010010 011 0001000011100 00011001 01000101 0100011011 00100100 011 011 1100 0101 0011 11101 0101 110110 0101 1100 
0011 0010100 100111 011 10010001 101011011 010001111 0000 10010001 101011011 10001010 011 10010010 101000 1010100010 0000 111001010 10001111010 011 1101000101 1000001001 1000100 010010 011 011 1100 0101 0011 001011 0011 1100 1100 0101 
0011 0010010 0010010 011 1010101 10000111111 00010111 0000 0010101111 001011 0000 1001011011 000101010 1101000100 0000 10001001 000100100011 0000 1111001 101000 0100011010 1001110 0000 010010001 00011001100 011 1010101 10000111111 00010111 0000 0010101111 001011 011 10101000 10011011 10011111 001011 1000101 001011 011 011 1100 0101 0011 010000 0011 0101 1100 11101 
0011 0010010 1001000 011 10000100 001011 101011100 111100101 0000 0011 011 000111110001 0000 0010100000000 0000 000111000 10000111000 001011 011 00101011 0100110100 1110011 011 011 1100 0101 0011 11101 0101 0010010 1100 010000 
0011 0001111 010000 011 101100001 111100011 10001110 0000 1001100010 00101000 1011100 0000 010001110 111001111 1001011010 0001110000 011 101000 00100111 0100111011 0000 11100110 101000 010011100 011 10011010 111101011 0001000110 1000001 01001111 011 011 1100 0101 0011 11101 0101 110110 0101 0011 
0011 0001001 11101 011 001010 000110001001 0000 10001001 0000 010011111 0000 10110101 1101100110 11010110 10011001000 000101100001 1001101110 10011111000 0000 1001101110 10011111000 0000 00010100101 000111011000 10010110010 0000 0001110100010 10011101000 0010010011101 10010110010 11011000 011 00101101 101101000 0000 10010011 001000111010 01000011 001010 0000 0010001100111 0010010001 110101000 011 10001110 10001111 10010011 001010 1000110 001010 011 011 1100 0101 0011 11101 0101 110111 1100 11101 
0011 1001001 0101 011 000110110110 000111110110 1101011000 0000 110100011 1110010 1001101 0000 11111010 0001100111 000101111 10100111101 000101111 011 0001010000101 0000 000110110110 000111110110 1101011000 011 1110010 100111 0001100010111 1000011 001010 011 011 1100 0101 0011 010001 0011 0011 0101 0011 
0011 1001000 0011 011 1110000 1010001101 001010111 0000 1010001000 0010010111 0101001110 01001101 0000 1110000 0010100100 001000000001 01011101 0101011 011 00011010100 01001101 10011001001 011 1100 0011 11110100 1011111 0101100 001011 011 011 1100 1000 0011 11101 1000 110110 101101 1000 
0011 0101101 1100 011 1111101 111101011 10111000 11110010 0000 10010111 01001001 0010011110110 011 101110101 11110000 10100010001 011 10100011100 0101011 011 011 1100 1000 0011 11101 1000 0101101 101101 0011 
0011 0101110 101100 011 0010010111111 1010000011 01001001 00100110100 110101011 0000 0011 011 100110 100111111 00011011100 011 00101010010 001001000110 101110101 001001001 011 011 1100 1000 0011 010001 0011 1000 1000 1100 
0011 1000100 110101 011 1101100 00010110101 1010101 10110000 0000 00101010010 0010000000000 11100011 001001111 0000 11100101 10010010 1111000010 011 11100110 010001101 000100110 011 0001000100 101110001 100100011 010011010 001011 011 011 1100 0101 0011 11101 0101 0011 0101 101101 
0011 0101010 101010 011 0010100001101 0000 1010001011 10101100100 01011110 0000 1001110100 01000000 11010010 011 11010001 1111101 001001101010 011 010101111 101000100 1001111 0001111110101 01011110 000110000001 100110 011 011 1100 1000 0011 010010 0011 1100 1000 101010 
0011 0100111 0001011 011 1101111011 11111101 101010110 101110011 0000 101000 0101001111 0000 101001100 111110110 1001100 0000 0001111011111 101011110 011 111001010 01000000 0000 000100000 00010101 011 1110000101 10010000 011 011 1100 1000 0011 11110 1000 110110 1100 101000 
