0000 010 1101 10001 1101 010 1110 0010 011 0011 0000 0001 010 11001 11111 10000 1011 10101 11110 11000 010 011 0000 011 0000 0011 0001 10010 1110 0001 10100 0011 010 011 010 0010 011 10011 1011 0010 
0101 001 101000 101011 101001 001 0001 0110 100 0100010 100 0000 001 10110 11001 11111 1101 11110 10111 11000 001 100 0000 100 0110 0001 0101 0101 1110 0001 0110 0101 001 0000 001 0101 0001 010000 1101 0111 
0110 001 0101110 0101101 000110 001 10101 100 111 1100001 100 0111 001 000100 11001 10100 1011 0001110 0101100 000001 001 111 100 111 10101 0100 1101 100 100 100 1101 0100 001 0110 001 100 00001 000000 1011 0100 
0101 001 1110111 1111000 101110 001 0111 0101 100 0001 0100 0000 001 101110 101011 10110 1100 1011110 1101011 11100 001 0000 100 0000 111101 0001 0001 100 0101 0001 0101 100 001 0100 001 1010011 0101 0100 11111 1100 100 0111 
00111 010 00101100 00101101 10100000 010 000101 111 100 100 0000 101010 010 001100 001000 11001 1011 1010001 00101111 11000 010 111 100 111 0111 100 100 00111 101001 0110 0110 1101 010 111 010 0011010 0000 101010 000100 1011 0000 0000 
011001 010 0111000 01111001 00111000 010 1011 1010 111 100 00110 0010 010 000010 000011 000001 1100 01111100 01100011 11011 010 111 100 111 00110 0010 0010 00110 100 0010 001111 1011 010 0001 010 111 000000 1100 0010 0001 
011001 010 10001101 01111010 10000010 010 001001 0011 0000 001000 0001 0001 010 0111100 0110111 11100 1100 111011 0111100 11010 010 0000 101 0000 1111 1001 00101 001000 0001 1001 001001 0001 010 0001 010 0001 11011 1100 111010 101 0011 
1000 010 00010000 10010 10011011 010 11010 1000 0000 11010 0000 0111 010 001110 001100 10010 1100 0011010 101001 10101 010 0000 111 0000 111 00011 0110 0010 1000 000101 000101 1000 010 0111 010 0111 0111 11011 1100 0110 
10010 010 011100101 0111010 011100100 010 001101 0110 0000 0010 110 0110 010 001100 000111 01111 1110 0001010 000101101 10110 010 0000 110 0000 1000 110 0110 10011 10011 0110 110 0110 010 0000 010 0010 1010 10111 1110 00111 
110 111 010 000100 00011011 011000100 010 01111 01111 110 111 0011 0010 010 0001110 0110101 10010 00000 000110101 000011100 10111 010 111 110 111 1010 01110 0010 0010 0011 1000 1010 0010 010 110 010 1000 1000 10110 00000 1000 
110 110 001 10011 01111000 01111010 001 10010 10010 111 1010 111 110 001 000010 010100 10110 00000 000010 01000110 010111011 10011 001 111 110 111 01110 01110 010110 1010 0001 110 110 0110 001 1000 001 0100100 110 1000 10111 00000 1010 
101 0001 001 011100110 11001001 011110001 001 111 0001 111 010000 101 101 001 000011 010001 10011 1101 011100011 11000 001 111 101 111 1000 0001 0001 01001 010000 101 0101 0001 001 111 001 110011 0001 0001 000010 1101 110011 0101 101 
101 1000 001 100100110 011011001 01100001 001 111 0101 111 0101 101 00001 001 0001001 1001010 11000 1101 01100001 01110000 011110001 10011 001 111 101 111 1000 00011 00011 101 0101 0100 0101 000001 001 101 001 0001000 1000 101 000000 1101 101 011010 
100 0100 001 101101111 1100011 101101101 001 111 00001 111 00001 111 1010 001 000101 000111 10111 1101 00011000 0001101 11001 001 111 100 111 01100 100 100 0100 00001 0100 000000 011010 001 0101 001 011110 100 0100 000001 1101 111 
100 01010 001 10111000 101000110 101001100 001 000100 0111 111 10110 100 0100 001 000110 010110 11010 00000 101111100 11001000 10101 001 111 100 111 00001 0111 111 100 01010 100 0100 000111 001 100 001 10110 11011 00000 100 000100 
100 000111 001 0000101010 111000001 0000100100 001 00010 101 101 01000 0110 101 001 000110 010011 11001 00000 0100100 110111111 11010 001 101 100 101 000111 0111 0111 0110 100 000111 01000 01000 0101 001 101 001 0111 101 11101 00000 110001 01000 
100 000000 001 0001001110 0000100011 10100010 001 11110 000000 100 100 110 0101 001 000101 010001 10101 1110 101000110 0000101111 10110 001 110 100 110 00011 0101 100 00011 0110 0111 100 000001 001 0111 001 000001 100 11111 1110 100 0111 
100 00000 001 0001101001 10100000 00011011 001 110 110 110 0111 0111 110 001 000011 010001 10101 1110 10111101 10100100 10110 001 110 100 110 0111 00000 00000 0110 100 0101 01001 0101 001 0111 001 100 0110 11110 1110 101110 100 01001 
100 11111 001 011100011 010000100 0001101111 001 110 100 110 000010 110 00000 001 000011 010001 10110 1110 000101010 010000110 10111 001 110 100 110 000100 1010 1010 0110 00000 100 0101 000010 001 0110 001 0101 11110 1110 110 
0110 110 001 0001101010 0111001111 010000100 001 110 1010 100 0110 100 00000 001 11111 000111 10111 1110 01110110 0111010 10110 001 110 100 110 01001 01001 100 0110 0101 0101 100 0110 001 100 001 100 0101 11110 1110 011111 100 0110 
